4294967278,445
4294967279,266
4294967279,273
4294967278,257
4294967278,325
4294967278,324
4294967278,353
5473,6
5473,5
5473,4
5473,3
5473,2
5473,1
4294967279,232
4294967278,412
4294967279,230
4294967294,910
4294967278,314
4294967279,379
4294967278,310
4294967278,227
4294967278,208
5470,6
5470,5
5470,4
5470,3
5470,2
5470,1
4294967279,198
4294967279,513
4294967278,312
4294967278,184
5467,6
5467,5
5467,4
5467,3
5467,2
5467,1
4294967294,436
4294967279,290
4294967278,378
5464,5
5464,4
5464,3
5464,2
5464,1
5463,5
5463,4
5463,3
5463,2
5463,1
4294967294,387
5462,6
5462,5
5462,4
5462,3
5462,2
5462,1
5461,5
5461,4
5461,3
5461,2
5461,1
4294967279,224
4294967278,138
4294967294,177
4294967278,221
4294967279,304
4294967279,553
5460,5
5460,4
5460,3
5460,2
5460,1
4294967278,429
4294967279,280
4294967278,251
5459,5
5459,4
4294967279,263
5459,3
5459,2
5459,1
5458,4
5458,3
5458,2
5458,1
4294967278,302
4294967279,554
4294967278,323
4294967278,253
4294967278,244
4294967278,226
4294967278,218
4294967279,220
4294967279,206
4294967278,194
5457,6
5457,5
5457,4
5457,3
5457,2
5457,1
4294967294,173
5454,6
5454,5
5454,4
5454,3
5454,2
5454,1
4294967279,533
5451,6
5451,5
5451,4
5451,2
5451,1
4294967294,448
4294967294,453
4294967294,966
5448,5
5448,4
5448,3
5448,2
5448,1
5447,5
5447,4
5447,3
5447,2
5447,1
4294967279,372
5446,6
5446,5
5446,4
5446,3
5446,2
5446,1
5445,5
4294967278,237
5445,4
5445,3
5445,2
5445,1
4294967278,228
5444,5
5444,4
5444,3
5444,2
5444,1
4294967278,220
4294967294,904
4294967294,170
5443,5
4294967279,213
5443,4
4294967279,212
5443,3
5443,2
5443,1
4294967278,211
5442,4
4294967278,207
5442,3
5442,2
5442,1
4294967278,386
4294967294,40
4294967294,38
4294967294,36
4294967294,972
4294967278,337
4294967278,308
4294967279,288
4294967279,378
4294967278,185
4294967279,184
4294967278,382
4294967279,157
5441,6
5441,5
5441,4
5441,3
5441,2
5441,1
4294967279,367
4294967279,370
4294967278,295
5438,6
5438,5
5438,4
5438,3
5438,2
5438,1
4294967278,245
4294967294,913
5435,6
5435,5
5435,4
5435,2
5435,1
4294967279,238
4294967278,388
5432,5
4294967279,205
5432,4
5432,3
5432,2
5432,1
5431,5
5431,4
5431,3
5431,2
5431,1
4294967278,193
4294967278,299
5430,6
4294967279,191
5430,5
5430,4
5430,3
5430,2
5430,1
4294967294,420
4294967294,191
4294967294,402
5429,5
4294967278,183
5429,4
4294967279,182
5429,3
5429,2
5429,1
4294967279,181
4294967278,179
4294967278,178
5428,5
5428,4
5428,3
5428,2
5428,1
4294967278,169
5427,5
5427,4
5427,3
5427,2
5427,1
5426,4
5426,3
5426,2
5426,1
4294967294,393
4294967294,1417
4294967279,260
4294967279,0
4294967278,274
4294967278,123
4294967278,121
4294967278,119
4294967278,113
4294967278,112
4294967278,111
4294967278,110
4294967278,101
4294967278,98
4294967278,96
4294967278,95
4294967278,87
4294967278,86
4294967278,85
4294967278,84
4294967278,80
4294967278,75
4294967278,73
4294967278,71
4294967278,69
4294967278,63
4294967279,71
4294967279,51
4294967279,50
4294967279,48
4294967279,36
4294967279,31
4294967279,29
4294967279,11
4294967279,9
4294967278,380
4294967278,379
4294967278,124
4294967278,122
4294967278,301
5425,6
5425,5
5425,4
5425,3
5425,2
5425,1
4294967278,114
4294967294,406
4294967278,103
4294967278,286
4294967278,102
4294967278,100
4294967278,97
4294967278,397
5422,6
5422,5
5422,4
5422,3
5422,2
5422,1
4294967278,306
4294967278,83
4294967278,91
4294967278,89
4294967278,78
4294967279,308
4294967278,77
4294967279,307
4294967278,76
4294967278,74
4294967278,300
4294967278,72
4294967279,72
5419,6
5419,5
5419,4
5419,2
5419,1
4294967279,306
4294967278,66
4294967279,66
4294967278,64
4294967279,361
5416,5
4294967278,162
5416,4
5416,3
5416,2
5416,1
5415,5
5415,4
5415,3
5415,2
5415,1
5414,6
5414,5
5414,4
5414,3
5414,2
5414,1
5413,5
5413,4
5413,3
5413,2
5413,1
4294967294,397
4294967294,396
4294967294,385
4294967294,164
4294967294,184
5412,5
5412,4
5412,3
5412,2
5412,1
4294967294,114
5411,5
4294967279,13
5411,4
5411,3
5411,2
5411,1
4294967294,468
4294967294,17
4294967294,99
4294967294,76
5410,4
5410,3
5410,2
5410,1
4294967278,375
0,7
4294967279,8
4294967294,1
4294967279,7
4294967279,6
4294967279,5
4294967294,469
4294967278,130
4294967294,89
4294967294,391
4294967294,41
4294967279,366
4294967294,392
4294967294,388
4294967294,389
4294967294,423
4294967294,115
4294967294,120
4294967278,128
4294967294,107
4294967294,90
4294967294,86
4294967294,85
4294967294,470
4294967294,949
4294967294,29
4294967294,27
4294967294,52
4294967294,426
4294967294,44
4294967294,43
4294967294,416
4294967278,127
4294967294,82
4294967294,1414
4294967294,83
4294967294,68
4294967294,11
4294967294,92
4294967294,88
4294967278,125
4294967279,233
4294967279,204
5409,6
5409,5
5409,4
5409,3
5409,2
5409,1
5406,6
5406,5
5406,4
5406,3
5406,2
5406,1
4294967278,404
4294967278,158
4294967278,332
4294967278,408
5403,6
5403,5
5403,4
5403,2
5403,1
4294967278,283
4294967278,273
4294967294,914
5400,5
5400,4
5400,3
5400,2
5400,1
5399,5
5399,4
5399,3
5399,2
5399,1
5398,6
5398,5
4294967279,250
5398,4
5398,3
5398,2
5398,1
5397,5
5397,4
5397,3
5397,2
5397,1
4294967278,290
5396,5
5396,4
5396,3
5396,2
5396,1
5395,5
5395,4
4294967279,536
5395,3
5395,2
5395,1
5394,4
5394,3
5394,2
5394,1
4294967294,902
4294967294,0
4294967294,903
4294967294,185
4294967294,2
4294967294,37
4294967294,961
4294967294,46
4294967294,50
4294967294,39
4294967294,81
4294967278,132
4294967278,131
4294967278,129
4294967278,126
4294967278,120
4294967278,118
4294967278,117
4294967278,116
4294967278,115
4294967278,109
4294967278,401
4294967278,108
4294967278,107
4294967278,106
4294967278,105
4294967278,104
4294967278,79
4294967278,294
4294967278,328
4294967278,70
4294967278,68
4294967278,67
4294967278,65
4294967278,62
4294967278,417
4294967279,377
4294967279,79
4294967279,69
4294967279,57
4294967279,56
4294967279,43
4294967279,34
4294967279,300
4294967279,21
4294967279,20
4294967279,4
4294967279,83
4294967279,356
4294967278,82
4294967279,82
4294967279,358
4294967278,81
5393,6
5393,5
5393,4
5393,3
5393,2
5393,1
4294967279,23
4294967279,297
4294967278,349
5390,6
5390,5
5390,4
5390,3
5390,2
5390,1
4294967279,352
5387,6
5387,5
5387,4
5387,2
5387,1
4294967279,296
5384,5
5384,4
5384,3
5384,2
5384,1
5383,5
5383,4
5383,3
5383,2
5383,1
5382,6
5382,5
5382,4
5382,3
5382,2
5382,1
4294967294,472
5381,5
5381,4
5381,3
5381,2
5381,1
4294967279,359
5380,5
5380,4
5380,3
5380,2
5380,1
5379,5
5379,4
5379,3
5379,2
5379,1
5378,4
5378,3
5378,2
5378,1
4294967279,360
4294967278,347
4294967278,0
5377,6
5377,5
5377,4
5377,3
5377,2
5377,1
4294967279,357
5374,6
5374,5
5374,4
5374,3
5374,2
5374,1
5371,6
5371,5
5371,4
5371,2
5371,1
4294967294,144
4294967294,918
4294967279,354
5368,5
5368,4
5368,3
5368,2
5368,1
4294967279,286
5367,5
5367,4
5367,3
5367,2
5367,1
5366,6
5366,5
5366,4
5366,3
5366,2
5366,1
5365,5
5365,4
5365,3
5365,2
5365,1
4294967278,282
5364,5
5364,4
5364,3
5364,2
5364,1
5363,5
5363,4
5363,3
5363,2
5363,1
5362,4
5362,3
5362,2
5362,1
5361,6
5361,5
5361,4
5361,3
5361,2
5361,1
5358,6
5358,5
5358,4
5358,3
5358,2
5358,1
5355,6
5355,5
5355,4
5355,2
5355,1
4294967294,45
4294967294,53
4294967294,67
4294967294,42
4294967294,1416
4294967294,471
4294967294,28
4294967294,91
4294967294,87
4294967294,84
4294967294,418
4294967294,950
4294967294,921
4294967294,920
5352,5
5352,4
5352,3
5352,2
5352,1
5351,5
5351,4
5351,3
5351,2
5351,1
5350,6
5350,5
5350,4
5350,3
5350,2
5350,1
5349,5
5349,4
5349,3
5349,2
5349,1
5348,5
5348,4
5348,3
5348,2
5348,1
5347,5
5347,4
5347,3
5347,2
5347,1
5346,4
5346,3
5346,2
5346,1
4294967294,108
4294967279,347
4294967294,965
5345,6
5345,5
5345,4
5345,3
5345,2
5345,1
5342,6
5342,5
5342,4
5342,3
5342,2
5342,1
4294967294,946
4294967294,26
4294967294,51
4294967294,25
4294967294,94
4294967294,96
5339,6
5339,5
5339,4
5339,2
5339,1
4294967294,113
5336,5
5336,4
5336,3
5336,2
5336,1
4294967279,353
5335,5
5335,4
5335,3
5335,2
5335,1
4294967278,395
5334,6
5334,5
5334,4
5334,3
5334,2
5334,1
5333,5
5333,4
5333,3
5333,2
5333,1
4294967279,350
5332,5
5332,4
5332,3
5332,2
5332,1
4294967278,394
5331,5
4294967294,9
4294967294,8
5331,4
5331,3
5331,2
5331,1
5330,4
5330,3
5330,2
5330,1
4294967278,289
4294967279,348
4294967278,406
4294967278,279
4294967278,280
4294967279,259
4294967278,267
5329,6
5329,5
5329,4
5329,3
5329,2
5329,1
4294967294,22
4294967294,183
4294967278,275
5326,6
5326,5
5326,4
5326,3
5326,2
5326,1
4294967279,547
4294967294,93
4294967294,95
4294967294,969
5323,6
5323,5
5323,4
5323,2
5323,1
5320,5
5320,4
5320,3
5320,2
5320,1
5319,5
5319,4
5319,3
5319,2
5319,1
5318,6
5318,5
5318,4
5318,3
5318,2
5318,1
5317,5
5317,4
5317,3
5317,2
5317,1
5316,5
5316,4
5316,3
5316,2
5316,1
5315,5
5315,4
5315,3
5315,2
5315,1
5314,4
5314,3
5314,2
5314,1
4294967294,901
4294967279,546
4294967279,229
4294967279,223
4294967279,221
4294967279,202
4294967294,6
4294967278,338
5313,6
5313,5
5313,4
5313,3
5313,2
5313,1
4294967278,405
5310,6
5310,5
5310,4
5310,3
5310,2
5310,1
4294967278,303
5307,6
5307,5
5307,4
5307,2
5307,1
5304,5
5304,4
5304,3
5304,2
5304,1
5303,5
5303,4
5303,3
5303,2
5303,1
5302,6
5302,5
5302,4
5302,3
5302,2
5302,1
5301,5
5301,4
5301,3
5301,2
5301,1
5300,5
5300,4
5300,3
5300,2
5300,1
4294967294,464
5299,5
5299,4
5299,3
5299,2
5299,1
5298,4
5298,3
5298,2
5298,1
4294967279,528
4294967279,192
4294967278,160
4294967279,155
4294967279,376
5297,6
5297,5
5297,4
5297,3
5297,2
5297,1
5294,6
5294,5
5294,4
5294,3
5294,2
5294,1
4294967278,263
5291,6
5291,5
5291,4
5291,2
5291,1
4294967279,217
5288,5
5288,4
5288,3
5288,2
5288,1
5287,5
4294967278,94
5287,4
5287,3
5287,2
5287,1
5286,6
5286,5
5286,4
5286,3
5286,2
5286,1
5285,5
5285,4
5285,3
5285,2
5285,1
5284,5
5284,4
5284,3
5284,2
5284,1
5283,5
5283,4
5283,3
5283,2
5283,1
5282,4
5282,3
5282,2
5282,1
4294967294,906
4294967294,163
4294967278,318
4294967279,346
4294967278,399
4294967279,531
5281,6
5281,5
5281,4
5281,3
5281,2
5281,1
5278,6
5278,5
5278,4
5278,3
5278,2
5278,1
4294967279,199
5275,6
5275,5
5275,4
5275,2
5275,1
4294967278,434
4294967279,172
4294967294,410
4294967278,165
5272,5
5272,4
5272,3
5272,2
5272,1
4294967278,161
5271,5
5271,4
5271,3
5271,2
5271,1
4294967279,242
5270,6
5270,5
5270,4
5270,3
5270,2
5270,1
5269,5
5269,4
5269,3
5269,2
5269,1
5268,5
5268,4
5268,3
5268,2
5268,1
4294967279,343
5267,5
5267,4
5267,3
5267,2
5267,1
5266,4
5266,3
5266,2
5266,1
4294967278,367
4294967278,392
4294967278,99
4294967278,93
4294967278,92
4294967279,345
4294967278,272
4294967279,210
4294967278,90
4294967279,200
5265,6
5265,5
5265,4
5265,3
5265,2
5265,1
4294967279,337
4294967278,175
5262,6
5262,5
5262,4
5262,3
5262,2
5262,1
5259,6
5259,5
5259,4
5259,2
5259,1
5256,5
5256,4
5256,3
5256,2
5256,1
4294967278,333
4294967279,64
4294967279,52
4294967279,41
4294967279,38
5255,5
5255,4
5255,3
5255,2
5255,1
5254,6
5254,5
5254,4
5254,3
5254,2
5254,1
5253,5
5253,4
5253,3
5253,2
5253,1
4294967294,449
5252,5
5252,4
5252,3
5252,2
5252,1
5251,5
5251,4
5251,3
5251,2
5251,1
5250,4
5250,3
5250,2
5250,1
4294967279,326
4294967278,305
4294967279,163
4294967279,162
4294967278,152
4294967279,342
4294967278,151
4294967278,146
5249,6
5249,5
5249,4
5249,3
5249,2
5249,1
4294967278,446
4294967279,33
4294967279,341
4294967278,142
4294967279,340
4294967278,277
5246,6
5246,5
5246,4
5246,3
5246,2
5246,1
4294967279,542
5243,6
5243,5
5243,4
5243,2
5243,1
4294967278,259
5240,5
5240,4
5240,3
5240,2
5240,1
5239,5
5239,4
5239,3
5239,2
5239,1
4294967294,462
5238,6
5238,5
5238,4
5238,3
5238,2
5238,1
5237,5
5237,4
5237,3
5237,2
5237,1
5236,5
5236,4
5236,3
5236,2
5236,1
5235,5
5235,4
5235,3
5235,2
5235,1
5234,4
5234,3
5234,2
5234,1
4294967294,451
4294967279,556
4294967278,281
4294967279,314
4294967279,562
5233,6
5233,5
5233,4
5233,3
5233,2
5233,1
5230,6
5230,5
5230,4
5230,3
5230,2
5230,1
4294967278,298
5227,6
5227,5
5227,4
5227,2
5227,1
4294967278,418
5224,5
5224,4
5224,3
5224,2
5224,1
5223,5
5223,4
5223,3
5223,2
5223,1
5222,6
5222,5
5222,4
5222,3
5222,2
5222,1
5221,5
5221,4
5221,3
5221,2
5221,1
5220,5
5220,4
5220,3
5220,2
5220,1
5219,5
5219,4
5219,3
5219,2
5219,1
5218,4
5218,3
5218,2
5218,1
4294967278,393
4294967279,338
4294967279,239
4294967279,237
4294967279,236
4294967279,219
4294967278,216
5217,6
5217,5
5217,4
5217,3
5217,2
5217,1
4294967278,293
5214,6
5214,5
5214,4
5214,3
5214,2
5214,1
5211,6
5211,5
5211,4
5211,2
5211,1
4294967294,5
5208,5
5208,4
5208,3
5208,2
5208,1
0,5
5207,5
5207,4
5207,3
5207,2
5207,1
5206,6
4294967294,7
4294967293,131
4294967293,130
4294967293,129
4294967293,128
4294967293,127
4294967293,126
4294967293,125
4294967293,124
4294967293,123
4294967293,122
4294967293,121
4294967293,120
4294967293,119
4294967293,118
4294967293,117
4294967293,116
4294967293,115
4294967293,114
4294967293,113
4294967293,112
4294967293,111
4294967293,110
4294967293,109
4294967293,108
4294967293,107
4294967293,106
4294967293,105
4294967293,104
4294967293,103
4294967293,102
4294967293,101
4294967293,100
4294967293,99
4294967293,98
4294967293,97
4294967293,96
4294967293,95
4294967293,94
4294967293,93
4294967293,92
4294967293,91
4294967293,90
4294967293,89
4294967293,87
4294967293,86
4294967293,85
4294967293,84
4294967293,83
4294967293,82
4294967293,81
4294967293,80
4294967293,79
4294967293,78
4294967293,77
4294967293,76
4294967293,75
4294967293,74
4294967293,73
4294967293,72
4294967293,71
4294967293,70
4294967293,69
4294967293,68
4294967293,67
4294967293,66
4294967293,65
4294967293,64
4294967293,63
4294967293,62
